2458
9040
9388
8202
8230
8629
8652
8941
8951
9309
9394
9268
9171
9078
9068
1282
2603
7161
8295
6211
3084
2465
9327
5992
5075
5131
5415
2382
7275
9236
8786
9548
3315
4077
8722
5438
5818
7042
7665
7734
7918
8415
8599
9390
3481
3602
5724
5874
8373
3916
6189
6978
7741
970
8345
3593
8023
9471
9555
2904
9311
6494
6968
8038
8417
8485
9272
9149
9340
6103
6194
6106
9248
6280
4516
4196
3899
3732
8218
8336
1795
1552
1994
1770
1920
1897
1788
3211
3976
5471
5703
6678
7829
7957
8318
8413
8544
9354
8928
8501
8639
9008
9499
9523
9410
9368
3373
2784
3381
6759
8545
6166
9121
3774
3274
2396
4774
4806
4809
7216
7378
7802
3306
3239
4304
6233
5996
6268
7839
7882
8036
8387
8467
6128
9373
9054
9300
9104
7806
8041
3003
3421
2882
3068
6762
7878
8522
8849
8873
9344
8663
2083
2143
2245
2542
2551
2553
2754
2780
2799
2801
2810
2841
2849
3015
3027
3030
3080
3085
3103
3106
3146
3161
3172
3307
3326
3335
3337
3393
3450
6130
6144
6199
6361
6466
7015
7017
9038
2355
2445
2646
4968
6074
6089
6174
6181
6183
6213
6297
6349
6365
6399
2119
2474
2811
2951
3040
3071
3311
3349
6115
6382
6385
7014
6256
6450
2491
6259
6257
1867
6112
6149
6152
6190
6208
6214
6228
6240
8524
2744
2782
3000
3477
7212
8253
8551
8636
8721
9056
9129
9314
9369
9435
9490
9491
9518
2106
2165
2194
2440
2634
2673
2760
2963
3008
3048
3069
3250
3334
3367
3411
3424
3449
6364
8841
8910
9081
9122
9190
9324
9330
3243
3283
3338
5100
6096
6100
6134
6260
6406
8750
9362
5815
6077
6218
6293
1962
1977
2008
2345
2365
2426
2604
2794
3324
3344
3469
6185
6288
2279
2481
2791
4817
6015
6129
6145
6348
7177
5462
6068
6122
6177
6210
6274
6309
6395
6397
9177
6294
6403
7016
1925
1958
1959
1967
1981
2007
2044
2080
2122
2197
2310
2372
2647
2652
2902
2915
3004
3034
3120
3158
3227
3279
3401
4677
5706
6013
6197
2719
5994
2286
2319
2738
2758
2816
3054
3072
3079
3330
3448
5367
2530
2607
2611
2781
2820
3134
3200
3221
3234
3235
3346
3354
6056
2128
2622
5957
6069
6110
6113
6155
6165
6167
6168
6263
6287
6331
6333
6350
6420
6421
6463
6470
6472
6490
6493
6739
6866
6906
7007
8160
8461
8464
8546
8647
8756
8800
9173
9198
9306
9329
9342
1888
2824
6097
6104
6235
6109
6304
6307
6318
6342
6369
6409
7012
7013
3127
5385
7056
5908
6062
6192
6196
6227
6234
6250
6252
6253
6273
6299
6381
6468
6481
9178
9469
2153
2154
2209
2380
2381
2540
2544
2657
2702
2767
2771
2858
2955
3056
3064
3183
3196
3272
3398
3418
3426
3430
3614
4732
6215
6352
6371
6827
8161
8911
8974
8980
9036
9048
9061
9080
9084
9108
9207
9211
9212
9264
9370
9396
9408
9452
9457
9513
1963
1974
1983
2006
2140
2148
2179
2227
2230
2267
2275
2278
2371
2373
2377
2437
2449
2450
2475
2528
2554
2564
2596
2599
2632
2671
2688
2706
2720
2735
2740
2753
2757
2761
2772
2777
2786
2821
2831
2847
2853
2862
2874
2883
2886
2892
2897
2934
2939
2964
2973
2977
2990
2999
3011
3014
3019
3020
3053
3055
3058
3065
3073
3076
3149
3160
3209
3214
3220
3237
3273
3301
3314
3340
3348
3359
3377
3438
3472
3494
3516
3592
3601
4723
5291
5777
6093
8340
850
5027
5409
5429
5892
6044
6057
3982
4129
4529
4545
4560
4597
4599
4633
4651
4687
4699
4705
4793
4814
4832
4876
4878
4881
4939
4957
4967
5008
5021
5038
5078
5122
5183
5236
5256
5257
5296
5308
5361
5369
5380
5426
5435
5450
5482
5488
5493
5509
5525
5527
5535
5563
5566
5570
5588
5594
5604
5609
5615
5644
5716
5725
5747
5748
5751
5753
5766
5791
5793
5833
5900
5927
5972
5997
6005
6035
6047
6048
6059
6065
6084
6092
6095
6101
6107
6116
6126
6137
6139
6153
6164
6173
6178
6179
6202
6203
6220
6221
6226
6229
6230
6232
6251
6302
6306
6314
6321
6323
6327
6329
6334
6338
6346
6355
6368
6373
6383
6392
6398
6400
6407
6422
6425
6427
6429
6434
6437
6438
6439
6459
6464
6469
6499
6540
6653
6681
6794
6797
6825
6873
6877
6897
6915
6981
7021
7132
7170
7173
7175
7335
7848
8222
8343
8606
8632
8710
8727
8771
8777
8793
8805
8826
8847
8851
8857
8898
8924
8929
8939
8961
8975
8978
8983
8994
9009
9011
9014
9026
9046
9057
9059
9069
9109
9136
9168
9176
9182
9260
9262
9286
9310
9320
9352
9356
9365
9366
9372
9376
9383
9409
9427
9431
9446
9481
9494
9574
1970
2092
2231
2260
2443
2460
2471
2499
2697
2701
2750
2792
2881
3017
3097
3204
3246
3287
3408
3410
3470
3527
4053
4359
4608
4643
4777
5316
5329
5335
5346
5948
5967
9284
