100
1000
10007
10009
10011
10013
1003
10078
1008
10082
1009
10092
10093
101
1010
1014
1015
1016
1017
1018
1019
1022
1023
1024
1025
10253
10257
1026
10261
10263
1027
10270
1029
1030
1032
1033
1036
1037
10375
1038
1039
104
1040
1042
1043
1044
1045
1046
10460
10462
10467
1047
10471
10472
10474
10478
1048
1049
1050
1052
1053
1054
1055
1056
1057
1058
1059
10594
10595
10596
106
1060
10603
10607
10608
1061
10610
10613
1062
1063
1064
1066
1067
1069
107
1070
1071
1072
1073
10734
10736
10737
10745
10747
10748
1075
1076
1077
1078
1079
1080
1081
10835
1084
10849
1086
1087
10886
1089
109
1093
1094
1095
1097
10972
10973
10986
10988
1099
11
110
11005
1101
11010
1102
1103
1106
11064
11065
11066
1107
1109
111
1110
1111
1112
1114
1115
11159
1116
11162
11172
11173
11175
11177
1118
112
1121
1122
1123
1124
113
1130
11303
11306
11308
1131
11310
11313
11316
1132
1134
1136
11363
11364
1137
11372
11377
11378
11398
114
1140
1143
1145
11459
1146
11470
11473
11477
1148
11485
115
1151
11519
1152
11525
1153
1154
11546
11547
11550
11558
1156
11560
11562
11571
1158
11581
11582
11585
11589
1159
11593
11594
116
1160
11603
11609
1161
11618
1162
11622
11623
11624
11632
11633
1164
1165
11651
11652
11656
11659
1166
11677
11679
1168
11682
11684
11691
117
1170
11700
11701
11702
11704
1171
11712
11713
1172
11729
1173
11730
11739
1174
11741
11747
1175
11751
11753
11765
11768
1177
11772
11777
1178
11780
11782
1179
11793
118
1180
11808
1181
11810
11813
11816
11817
11818
11825
1183
11839
1184
11842
11849
1185
11853
11856
11858
11859
1186
11860
11864
11866
1187
1188
11883
11884
11885
11889
11895
11897
119
11904
11905
11907
1191
1192
11921
1193
11936
11943
1195
11952
11954
1196
11963
11966
1197
1198
11985
11987
1199
11991
11995
11996
12
120
1200
12003
12009
12011
12014
12015
1202
12021
12025
12027
12029
1203
12031
1204
12040
12042
12043
12046
12049
1205
12058
12059
1206
12061
12063
12068
1207
12071
12078
1208
12081
12085
12086
12088
1209
12092
12096
121
1210
12100
12102
12107
12109
1211
12116
12119
1212
12127
12128
1213
12132
12133
12135
12137
1214
12142
12144
12145
12146
12148
12149
1215
1216
12161
12166
12168
12169
1217
12176
12177
12179
1218
12180
12183
12185
1219
12190
12193
122
1220
1221
1222
12221
12226
1223
12232
12233
12238
1224
12244
12247
1225
12251
12253
12255
12259
1226
12260
12261
12272
12277
12278
1228
12280
12281
12282
12286
12288
12289
12298
12299
1230
12301
12303
12317
1232
12327
1233
12331
12333
12335
12339
1234
12341
12347
12349
1235
1236
1237
12371
1238
12383
12391
12393
12397
12399
12401
12413
1242
12431
12435
12439
1244
12443
12445
12447
12449
12457
12467
1247
12475
12483
12485
12487
12491
12493
12497
12499
125
12503
12509
1251
12511
12517
12519
1252
12523
12531
12537
12539
12541
12545
12553
12555
12557
12559
1256
12565
12567
1257
12571
12573
12575
12581
12585
12587
12591
12593
12595
12597
12599
126
12611
12613
12615
12623
12629
12641
12645
12649
1265
12657
12659
1266
12665
12669
1267
1268
12683
12689
1269
127
12711
12715
12721
12723
12727
12729
1274
12743
12745
1275
12751
12761
12765
12767
12771
12773
1278
12781
12787
1279
12791
12793
12795
12797
128
1280
12805
12809
1281
12813
12817
1282
12821
12823
12825
12829
1283
12833
12837
12839
1284
12843
12847
1285
12855
12859
12863
1287
12873
12875
1288
12881
12889
1289
12893
12895
12897
12899
129
1290
12901
1291
12915
12917
12919
1292
12923
12925
12927
1293
12931
12933
12935
12937
1294
12941
12943
12945
1295
12951
12953
12957
1296
12963
12967
1297
1298
12983
12985
12987
12989
1299
12993
12995
13
130
1300
13003
13005
13007
1301
13013
13019
1302
13021
13023
13027
1303
13033
1304
13041
13043
13045
13047
13049
13053
13057
13059
1306
1307
13071
13073
13077
13079
1308
13081
13083
13085
13089
13091
13093
131
1310
13101
13105
13109
1311
13111
13113
13115
13117
1312
13121
13125
13127
13129
1313
1314
13141
1315
13153
13157
1316
13163
13165
13167
13169
1317
13171
13173
13179
1318
13181
13187
13189
1319
13193
13197
13199
132
1320
13203
13207
1321
13213
13215
13217
13219
13221
13223
1323
13233
1324
13245
13247
1325
1326
13269
1327
13271
13273
13285
1329
13293
13299
133
1330
13301
13307
13315
13339
1334
13341
13343
1335
13357
13361
13367
13369
13371
13377
1338
13383
13385
13391
13393
134
1340
13403
13409
1341
13419
1342
13423
13427
13429
1343
1344
13441
13447
1345
13455
13457
1346
13463
13467
1347
13471
13477
13487
1349
13491
13495
135
1350
13501
13505
13507
13509
13511
13515
13521
13531
13533
13537
13543
13549
1355
13555
13557
13559
1356
13561
13565
13567
1357
13577
13579
1359
13593
13597
136
1360
1361
13613
13615
13617
13623
13631
13635
13651
13653
13655
13657
13669
13673
13677
13689
13691
13693
137
13701
13703
13705
13719
13723
13725
13727
13747
13753
13757
13765
13769
13771
13775
13783
13789
13797
13803
13817
13821
13827
13837
13839
13841
13843
13851
13859
13869
13873
13877
13879
13885
13887
13889
13891
13897
139
13905
13911
13915
13919
13927
13931
13933
13945
13947
13955
13957
13965
1397
13971
13975
1398
13981
13985
13987
1399
13995
14
140
14003
14005
14009
1401
14011
14015
14017
1402
14023
14027
1403
14031
14035
14043
14049
1405
14055
14059
14061
14063
1407
14071
14073
14087
14093
14095
14097
141
1410
14103
14107
14109
14111
14113
14117
14119
1412
14125
14129
1413
1414
14141
14149
14153
14157
1416
14161
14165
14167
14171
14175
14179
1418
14185
14189
1419
14191
14193
14197
142
1420
14203
14205
14209
14215
14217
14219
1422
1423
14235
1424
14241
14243
14247
14249
14251
14259
1426
14261
1427
14277
14279
1428
14291
14299
143
1430
14305
14319
1432
14323
14325
14329
14331
14335
1434
14341
14345
14353
14357
14363
1437
14375
14379
1438
14381
14391
14397
144
14401
14405
14407
1441
14415
14417
1442
14429
1443
14435
14437
14439
14449
1445
14455
14459
1446
14461
1447
14471
14473
14477
14479
1448
14485
1449
14491
14493
14495
14497
145
14501
14503
14505
14509
1451
14511
14519
1452
14523
14527
14531
14537
14547
14549
14557
14559
1456
14567
14569
14573
14575
14579
1458
14583
14593
146
1460
14605
14607
14613
14617
1462
1463
14631
14633
14637
14639
14657
1466
14667
14669
14673
14683
14685
14687
14691
14695
14697
14699
147
1470
14705
14707
14709
1471
14711
14713
14719
14725
14727
14729
14737
14739
14743
1475
14757
14759
1476
14761
14763
14765
1477
14773
14779
1478
14781
14783
14785
14789
1479
148
1480
14807
1481
14811
14813
14815
14817
14823
14825
14827
1483
14831
14833
14839
14843
14845
1485
14853
14855
14859
1487
14873
14875
14879
14881
14883
14885
14887
14889
1489
1490
14903
14905
1491
14913
14915
14917
1492
14921
14923
14929
14931
14933
1494
14941
14947
1495
14951
14953
14963
14969
14975
14977
14983
14985
14989
14991
14993
15
150
15001
15003
15007
15009
15011
1502
15021
15023
15027
15029
15033
15039
15041
15049
1505
15057
15059
15061
15065
15069
15071
15073
15089
15099
151
15109
15115
15117
15119
15125
15129
1513
1514
15145
15147
1515
1516
15161
15163
15167
15169
1517
15171
15173
15175
1518
15185
15195
15197
15199
152
15203
15207
15209
1521
15215
15217
15235
1524
15249
1525
1526
15269
15271
1528
153
1530
15303
15309
1532
15327
15333
1534
15349
15355
1536
15367
15373
15377
15379
15381
15383
1539
15391
15395
154
15401
1541
15417
15419
15423
15425
15427
1543
15433
15437
15441
1545
15457
15459
1546
15473
15477
15483
15485
1549
15497
15499
155
15501
15509
1551
15511
15513
15515
15517
1552
15527
15529
15531
15533
15539
1554
15545
15547
15549
1555
15551
15553
15559
1556
15561
15565
15567
15569
15573
15577
1558
15583
15585
15593
15597
15603
1561
1562
15629
1564
15641
15645
15651
15653
15655
1566
15665
1567
15671
15681
15683
15687
15693
15695
15697
157
15711
1572
15725
15727
1573
15731
15735
15737
1574
15749
15751
15755
15757
15759
1576
15761
15771
1578
15781
15791
15795
15797
15799
158
1580
15807
1581
15813
15815
15817
15819
1582
15823
15831
15833
15835
15839
1584
15843
15845
15847
15849
1585
15851
1586
15863
15871
15873
15875
15877
15879
1588
15893
15895
15899
159
1590
15903
15905
15909
1591
15911
15913
15915
15917
15921
15925
15929
15939
1594
15941
15943
15949
1595
15955
1596
15969
1597
15975
15979
1598
15985
15993
15999
16
160
16005
16009
1601
1602
16021
16025
16027
16031
16033
16035
16037
16039
16045
16059
1606
16067
16069
16075
16079
16083
16085
16089
1609
16091
161
1610
1611
16111
1612
16125
16129
1613
16133
16137
1614
16147
16149
16159
16165
16175
16181
16183
1619
16191
16195
16197
16199
162
16207
1621
16217
16219
1622
16229
1623
16231
16233
16239
1624
16241
16243
16245
16247
1625
16253
16257
16265
16267
16269
16271
16275
16279
1628
16281
16283
16289
16291
163
16303
1631
16315
16321
1633
16331
16333
16335
16337
16339
16347
16353
16357
16363
16367
1637
16377
16379
1638
16381
16383
16385
16389
1639
16399
164
16405
16409
1641
16411
16421
16423
1643
16431
16447
1645
16451
16455
16457
16463
16465
16467
1647
1648
16489
1649
16493
16495
16499
165
16507
16509
1651
16511
16517
16525
16527
16535
16537
1654
16541
16545
16553
16555
16557
16563
16567
16583
1659
16593
1660
16603
16605
16607
1661
16613
16625
16627
16629
16631
16639
1664
16645
16651
16655
16659
16661
1667
1668
16683
16685
16689
1669
16691
16695
16697
1670
16705
16707
16711
16713
16721
16725
16727
16729
1673
16731
16735
16737
16741
16747
1675
16755
16757
16759
1676
16761
16769
16777
16779
16781
16785
16787
1679
16795
16797
16799
168
1680
16801
16803
1681
16811
16819
1682
16821
16823
16825
16829
16837
1684
16853
16861
16863
16865
16869
1687
16871
16875
16877
16887
16891
169
1690
16905
16907
1691
16913
16933
16939
1694
16943
16945
1696
16961
16963
16967
1697
16975
16979
1698
16985
16987
16991
16993
16995
16997
17
170
17001
17009
1701
17015
17019
1702
17021
17025
1703
17035
17039
17041
17047
17049
17053
17055
17059
1706
17061
17065
17067
17077
17079
1708
17081
17083
17085
17087
17089
17095
17099
171
17103
17105
17107
1711
17113
17117
17119
1712
17121
17123
17127
17129
1713
17137
1714
17141
17149
1715
17159
1716
17161
1717
17177
17179
17187
1719
17191
17193
17199
172
1720
17203
17205
17209
17211
17213
17215
17217
17219
1722
17223
17225
17227
17229
1723
17231
17233
17239
1724
17243
17247
17249
1725
17251
17253
1726
17261
17265
17267
1727
17277
17279
1728
17285
17289
1729
17291
17293
173
17301
17303
17307
17313
17315
17317
17319
1732
17325
17327
17329
17333
17335
17337
17339
1734
17345
1735
17351
17355
17359
17361
17365
17373
17377
1738
17381
17385
17387
17389
1739
17393
1740
17407
17409
1741
17411
17413
17415
17417
17419
17429
17433
17437
17439
1744
17447
17449
17453
17455
1746
17463
1747
17473
17483
17485
17487
1749
17491
17493
17495
17497
17499
1750
17503
17507
17509
1751
17511
17517
17521
17529
1753
17533
17537
17541
17549
1755
17553
17555
1756
17563
17565
17567
17569
1757
17571
17577
17579
1758
17587
1759
17593
17597
17601
17603
17605
17607
17609
17613
1762
17621
17623
17625
17627
17629
1763
17631
17635
17639
17643
17645
17649
17653
1766
17663
17665
17667
17669
17673
17675
1768
17681
17687
17689
1769
17703
17707
1771
1772
17723
1773
17731
17733
17737
17745
17749
17753
17755
1776
17763
1777
17771
1778
17783
1780
17805
17809
1781
17811
1782
17825
17829
1783
1784
17843
17845
17847
1785
17851
17853
17857
17869
1787
17873
17877
1788
17887
17889
1789
17891
17893
17903
17909
17915
17919
1792
17929
17931
17935
17937
1794
17941
17949
1795
17951
17953
17957
17961
17963
17965
17967
17975
17977
1798
17981
17983
17985
17989
1799
17999
18
1800
18001
18007
1801
18015
18019
1802
18021
18025
18031
18035
18039
18051
18055
1806
18065
18067
1807
18071
1808
18081
18083
1809
18091
18097
18099
1810
18101
18107
1811
18117
1812
18125
18129
18133
1814
18145
18147
1815
18151
18155
18167
18169
1817
1818
18187
18189
1819
18191
18195
18199
1820
18203
18205
18207
1821
18213
18217
18221
18225
1823
18231
18237
1824
18245
1825
18251
18261
18263
1827
18275
18277
1828
18281
18285
18289
18293
18297
18299
18303
18305
1831
18317
1832
18327
1833
18331
18333
18337
18339
1835
18353
1836
18363
18371
18375
18379
1838
18381
18387
18393
1840
18409
18413
18417
1843
18431
18433
18435
1844
18443
18445
18449
18453
18455
1846
18461
18465
18469
1847
18473
18489
1849
18499
1850
18505
18507
18509
18511
1852
18523
18527
18529
1853
18531
18541
1855
18553
18559
18573
18575
1859
18591
18597
1860
18601
18603
18607
18617
18621
1864
1865
18659
18669
18671
18673
18675
1868
1869
18699
1870
18707
18709
18719
18729
18731
1874
18747
18749
1875
18751
18759
1876
18767
1877
18775
18779
1878
18785
18787
18789
1879
18793
18797
1880
18803
18805
18811
18817
18823
18829
18831
18837
18845
18853
18861
18865
18871
18881
18885
18895
18897
1891
18913
18919
1892
18935
18953
18961
18979
18981
18987
18989
18991
18995
18997
19
1900
19001
19005
19017
19019
19025
19035
19053
19055
19065
19069
19071
19075
19077
19093
19101
19103
19111
19115
19117
19125
19129
19133
19135
19137
19139
19153
19159
19161
19167
19175
19181
19185
19187
19189
19191
19193
19195
1920
19215
19217
1922
19221
19229
1923
19231
19239
1924
1925
1926
19261
19265
19267
19281
19287
19289
1929
19299
19305
19307
19309
19313
19315
19319
1932
1933
1936
19371
1938
19387
1939
19393
19395
19405
19411
1942
19437
19439
19443
19445
19455
19459
19465
19469
1947
1948
19483
19491
1950
19505
19509
19525
1953
19531
19539
19553
1956
19561
1958
1959
19597
19607
1961
19617
1962
19621
1963
19631
1964
1965
19659
1967
19683
19685
1969
1970
19703
1972
19721
19729
1973
19741
19749
19757
19759
1976
1977
1979
19791
19795
1980
19807
1981
19813
19823
19827
19831
1984
1985
19855
19865
19873
1988
19883
19885
19887
19891
19897
1990
19923
1994
1995
19955
1996
19961
1997
19971
19975
19995
2
20
2000
20001
20009
2001
20023
20045
2005
20053
20057
20059
2007
20073
20075
2008
20089
20097
20101
20109
20115
20121
20125
2013
2015
20151
20153
2016
20171
2018
20183
2019
20191
20195
20203
20205
20223
20231
20237
2024
2025
20253
2026
2027
20271
20279
20283
203
20305
20325
20333
2034
20361
2037
20375
20379
2038
20381
20383
2039
20391
2040
20409
20417
20427
20453
2046
20461
20467
20469
2047
2049
20499
20503
20505
20507
20523
20527
20529
2053
20531
20539
20543
20549
20555
20565
20567
20569
20573
20575
20579
2058
20581
20583
20591
20599
20601
20605
20607
20609
20613
20615
20623
2063
20631
20635
2064
20641
20643
20647
20649
2065
20651
20655
2066
20661
20665
20673
20677
20681
20687
20689
20695
20697
20701
20703
20707
2071
20713
20715
20723
20725
2074
20741
20749
20751
20753
20759
20779
2078
2080
2083
2092
2099
2100
2102
2106
2119
2121
2122
2123
2124
2126
2127
2128
2129
213
2134
2143
2144
2146
2148
2151
2152
2153
2169
2174
2175
2177
2178
2188
2190
2191
2198
2199
22
2200
2213
2217
2231
2236
2244
2246
2248
2250
2252
2256
2258
2260
2264
2273
2279
2282
2283
2285
2287
2295
2296
23
2301
2309
2312
2313
2315
2317
2318
2339
2341
2347
2350
2351
2352
2353
2354
2359
2360
2370
2374
2375
2377
2378
2379
2380
2387
24
2404
2405
2407
2408
2414
2415
2416
2417
2434
2436
2437
2439
2440
2441
2442
2444
2445
2446
2447
2461
2462
2463
2465
2468
2471
2472
2473
2478
2491
2492
2493
2494
2498
2499
25
2500
2501
2502
2509
2524
2535
2536
2538
2542
2543
2544
2545
2548
2559
2560
2561
2562
2563
2571
2574
2575
2577
2589
2590
2593
2594
2595
2596
26
2600
2611
2612
2613
2614
2617
2618
2624
2626
2634
2638
2642
2644
2645
2652
2653
2678
2680
2681
2683
2685
2687
2688
2689
2699
27
2710
2712
2713
2715
2716
2721
2738
2739
2764
2767
2768
2770
2771
2772
2773
2778
2779
2792
2793
2795
2796
2798
2804
2805
2806
2859
2861
2862
2870
2871
29
2922
2944
2950
2952
2958
2960
297
2970
2973
2974
2975
2977
2983
2989
299
2990
2991
2992
30
300
3000
3002
301
3010
3012
3013
3014
3018
302
3021
3022
3029
303
3032
3033
3034
3035
3036
3037
3038
3039
304
3040
3041
305
3051
3053
3054
3055
3056
3058
306
3060
3061
3064
3076
3077
3079
308
3080
3081
3082
3084
3085
3086
3087
309
3097
3098
31
310
3100
3101
3104
3107
3108
3109
311
3110
312
3121
3124
3125
313
314
3142
3143
315
3150
3151
3153
3156
3159
316
3162
3167
3169
3172
3173
3175
3176
3177
3178
3179
318
3181
3182
3183
3184
3192
3194
3199
32
320
3201
3202
3203
3204
3205
3206
3209
321
3213
3217
3218
322
3220
3222
3223
3225
3226
323
324
3247
3249
325
3252
3253
3254
3255
327
328
3286
3287
3289
3292
3294
331
3318
332
3320
3325
3327
333
3330
3338
3339
3345
3346
3352
3353
336
337
3373
3376
338
3380
3382
3384
34
341
342
3421
3422
3425
3428
3429
343
3430
3431
3438
344
3441
3443
3444
3445
345
3458
346
3460
3463
3465
3466
3468
3469
347
3471
3473
3474
3476
3484
3489
3490
3491
35
350
351
352
3522
3524
3525
3526
3527
3529
353
3531
3533
3534
3538
354
3540
3541
3543
3548
355
356
3569
357
3573
3574
3575
3576
3578
358
3580
3584
3585
3587
3588
3589
359
3591
360
3600
3601
3602
3603
3605
3606
3607
3608
3609
3610
3612
3614
3618
3619
362
3621
3626
3628
363
3632
3635
3636
3639
364
3643
3645
3646
3647
365
3650
3653
3656
3657
3661
3662
3663
3664
3666
3667
3671
3675
3676
368
3680
3681
3683
3685
3687
369
3692
3693
3694
3695
3696
3698
3699
37
370
3702
3704
3706
3707
3709
371
3710
3711
3712
372
374
3746
3752
3753
3756
3758
376
3760
3761
3762
3763
377
378
379
38
3813
3814
3817
3819
3844
3845
3862
3865
3883
3885
3887
3890
3891
3892
39
3900
3911
3912
3944
3945
3948
3950
3951
3952
3953
3954
3965
4
40
4006
4008
4011
4012
4013
4014
4043
4055
4080
41
4108
4109
4110
4112
4113
4114
4115
4151
4152
4153
4155
4171
42
4248
4251
4274
43
4320
4322
4323
4332
44
4407
4419
4420
4421
4422
4424
4453
4454
4455
4457
4459
4468
4469
4470
4472
45
4502
4503
4506
4508
4509
4510
4512
4548
4549
4551
4552
4554
4571
4572
4581
4585
46
4616
4617
4618
4622
4623
4625
4635
4664
4666
4668
4678
47
4716
4718
4719
4721
4722
4723
4769
4771
4772
4774
4775
4776
4777
4778
4779
4822
4823
4825
4827
4828
4829
4830
4878
4880
4882
4883
4886
489
49
493
495
4977
4978
498
4982
4983
4987
4988
4989
4990
4991
4993
4995
4996
4998
5000
5026
5027
5059
5068
5069
507
5071
5075
5076
5077
5079
51
510
5127
5129
5130
5131
5132
5182
5185
5186
5187
5190
5192
5196
5199
52
520
5200
5203
5204
5205
5206
5207
524
527
53
5354
5355
5356
5357
5359
5362
5363
5364
5396
5397
5398
5399
54
5401
5404
5405
5407
5423
5472
5474
5475
5477
5479
5480
5481
5482
5483
55
5518
5537
5538
5541
5543
5546
5547
5548
5580
56
5602
5603
5604
5606
5608
5609
5610
5611
5612
5613
5675
5676
5678
5679
5680
5681
5682
5683
5685
5686
57
572
5720
5722
5723
5725
5726
5729
5730
5731
5774
5775
5776
5777
5779
58
5810
5812
5814
5815
5829
5831
5832
5834
5835
5837
5838
5839
59
5905
5907
5911
5913
5917
5919
5923
5925
5927
597
598
599
6
60
600
601
603
604
6041
6045
6049
6053
6055
6057
6059
606
6061
6065
607
609
610
612
613
6137
614
6141
6143
6145
6147
6149
615
6153
6155
6159
616
6163
617
618
62
620
621
622
623
6245
6247
625
6251
6253
6255
6257
626
629
63
630
632
634
635
64
642
644
6493
6495
65
6559
6561
66
6645
6655
6659
6661
6669
6671
6673
6679
6685
6689
6691
6693
6695
6697
6699
68
6817
69
6911
6913
6915
6917
6961
6965
6967
6999
7
70
7001
7011
7013
7015
7021
706
709
71
710
7105
711
712
713
714
716
717
718
7195
72
720
7201
7203
7207
721
7211
722
723
724
725
726
7261
7263
7265
727
7285
7287
7289
73
730
731
732
733
734
7343
7345
7347
7349
735
736
737
738
739
74
740
741
742
743
7445
746
75
7531
7533
7539
7543
7553
7557
756
76
7625
7627
7629
7633
7635
7637
7639
7645
766
77
774
775
776
7765
7767
777
7771
7775
778
7795
7799
78
7803
7889
7899
7903
7907
7911
7913
7917
7919
7989
8
80
800
801
802
803
804
805
806
807
809
81
810
811
812
813
814
8141
8143
8147
8149
815
8151
8155
816
817
818
819
82
820
821
822
824
825
826
827
828
829
83
830
8305
8309
831
8311
8313
8315
832
8321
8323
8325
8327
833
835
836
837
838
839
84
840
841
842
843
844
845
8463
8465
8467
8469
847
8471
8473
8475
8477
8479
848
85
850
851
852
853
854
855
856
857
858
859
86
860
861
862
8623
8625
8627
863
8631
8633
8635
8637
864
8641
8643
865
866
867
869
87
871
872
873
874
875
876
877
878
879
88
880
881
8813
8815
8817
882
8821
8823
8829
883
8833
884
885
886
887
888
889
89
891
892
893
894
8949
895
8951
896
897
898
899
8995
90
900
9001
9005
9011
903
904
905
906
907
908
909
91
910
911
9113
9115
912
9123
9125
9127
9129
9135
9139
914
9141
9143
9145
915
917
919
92
920
921
923
924
925
926
9273
928
929
93
930
931
932
933
9337
9339
9341
9349
935
9353
936
937
9375
938
9383
9385
9389
939
94
940
9409
941
9413
942
943
944
945
9463
95
950
951
952
9525
9527
953
9533
9535
9537
9539
954
955
956
9565
957
958
959
960
961
962
9639
964
9641
9645
9647
9649
965
9651
966
967
9675
968
974
977
978
98
981
982
9833
9835
9837
984
9847
9849
985
986
987
988
989
99
990
991
994
995
996
997
998
