355
4009
973
5545
5001
149
4106
4986
15805
14835
367
334
1144
1264
1277
992
3377
2546
3545
8827
949
1431
7335
7103
20611
4887
11690
9563
96
1411
124
3427
1239
1845
7007
3023
3623
6663
8153
516
296
627
631
298
2486
13195
5540
13333
14337
17819
17921
3296
13355
138
12246
13159
326
15013
48
2970
2360
2594
2380
2379
2806
3668
12161
10594
3124
14181
12643
1248
1261
1258
1272
1141
927
14271
3571
4563
13281
13989
20637
20587
6701
7769
11483
13103
12050
12835
16549
13917
1167
13741
10837
20593
3251
6657
3598
13629
16299
12563
5360
14289
3001
12276
13183
11660
12857
1658
5117
3947
3546
3435
13347
4980
708
17933
16063
317
12949
13681
17057
13099
27631
12187
12048
13001
12323
1249
1262
1031
1028
9391
3678
5124
13991
17907
14857
2259
11867
12062
823
16899
16501
14535
16345
9351
12939
12495
5159
3570
20725
922
3
14083
19749
11160
20537
849
15311
18119
17797
14075
12785
11479
12605
5189
19233
1457
1568
20645
9993
7333
108
13665
5544
7199
12345
14649
11902
1138
1147
1150
1227
1250
1260
1271
993
1765
1550
12883
2799
14555
2340
17165
14077
11304
11088
16259
5193
19031
295
339
608
719
1941
1944
2485
3189
3219
3579
3674
5126
7807
319
1104
1142
1163
1241
1243
1253
1322
1547
1856
1871
1945
2087
2643
2654
2968
3535
3764
4984
6997
7257
7545
7801
10601
11085
11591
11608
12421
12561
11605
11634
12206
12405
12505
12753
12807
12841
13303
8
7631
15037
16155
16449
17539
17849
18127
18185
18247
18411
12663
13131
13319
13331
13411
13595
13847
13899
14623
14981
15077
15193
15287
15793
16355
16415
16897
17115
17133
17371
18003
18341
18583
18693
20011
20693
633
1254
1592
20765
611
619
624
707
916
1098
2591
4111
4665
5828
6051
6653
20671
28
361
602
1092
1096
1276
366
628
1108
1189
1885
2149
3200
3818
4768
9379
9845
10255
10993
11968
12164
12210
12609
12877
12905
13633
13925
14837
15821
16767
16831
16833
16935
16965
3624
19113
17321
17543
18137
18355
18471
18867
19121
18613
20421
605
901
1246
1791
3148
3381
4104
5406
8621
11564
11734
11841
12477
12755
13235
13711
14645
15277
16017
16019
16637
16903
17185
17441
18053
18533
18549
18585
18643
18655
18825
18879
18893
19557
19877
20187
20335
20349
20441
50
729
913
1001
1011
1034
1231
1829
2346
2714
2718
2954
3485
4884
11466
11549
12189
12451
12473
13287
14237
14453
14533
14749
16319
16459
16587
17475
17701
17751
18029
18041
18229
18323
18415
18463
18609
18937
19089
19163
19247
19575
19965
20257
20263
61
1074
1255
2011
9851
12319
13025
13649
13787
14421
14849
15571
15643
16839
16893
16925
17139
17181
17399
17911
18011
18109
18209
18357
18475
18565
18791
19939
20159
20387
20397
20399
595
1149
1229
2765
10469
12549
13893
15753
17109
17349
17457
17599
17793
18235
18821
18973
19057
19367
19537
19591
19635
19853
19909
19963
19977
20035
20105
20313
20479
1270
8825
10738
11802
13547
13575
13591
14121
14403
15351
16343
16917
18143
18239
18483
18703
18723
18965
19377
19489
19765
20211
20247
20329
20365
3481
7537
9421
9995
13721
13835
14431
16901
17545
17717
17743
18009
18395
18569
18611
18689
19273
19687
19933
2247
11009
16855
17043
17183
17583
17947
18059
18383
18515
18691
19059
19871
20087
20295
20303
20341
20385
1100
3433
12507
12647
14145
15907
18889
19079
19599
10804
14581
16845
17443
17451
18223
18309
18933
20217
14143
17029
18177
18927
19763
20521
16815
19677
20269
11940
18273
20437
11706
14755
17761
19165
19209
20013
20363
17111
20339